11101110
11110110
11011100
01011110
10100111
01110101
00110111
11000100
01100010
11100010
00100001
11010010
00000110
11011001
11101000
01100010
00001110
10010001
11001001
01011111
10110111
11010010
01011010
01000100
01000000
10011010
11111001
00000101
11001101
01110000
10001000
11000001
11111011
00000101
00001110
00011011
11010010
00101001
00111111
01101000
00011100
01011001
10111100
10001100
11111100
10111011
11100010
10010110
10110000
11111110
10010001
01100111
00110110
11010110
11011011
00101010
01000000
10010111
00100001
01000010
11011001
11011010
00101010
11001100
11010110
10110101
10111011
01110011
10101110
01111010
00000010
01110001
01100110
00111101
01111110
10100110
10011001
10111110
10011011
00111000
10001110
10011001
01000111
00010110
11001110
00010100
01010000
10111000
11011010
01011011
10110101
01001101
01011110
11100101
00010100
01100000
11001000
11001000
00110111
10111010
01100110
11100111
00110111
10000010
11000000
00001011
10001000
10010100
10101111
01001101
00101000
10110011
01110110
01111101
01000100
11000111
10111101
11101010
00101101
01101101
01000000
00001011
10110110
10001100
00000010
00111110
11101111
10001100
00000011
10111000
00110111
01100111
00000010
10111111
01010101
11101001
11011001
01001000
11111101
00001001
01001010
11011110
01111010
00101100
00000100
01111010
10111101
11010100
00001010
00100110
01001000
00111110
11101011
10110111
01100100
10010110
00111011
00101100
01100001
00010000
11101111
11110101
01111111
10100010
01010100
01110011
01101001
10011000
10110101
01010100
01100011
11101001
10110100
10110100
00011000
11001011
00111110
01101110
10111111
01010000
11010000
11011001
01001010
10010100
01010001
10110100
11011001
01101000
01000110
00101000
01011000
10001000
10110010
00100100
01000000
00111000
01110110
01111010
00110110
00001110
01000000
00000110
01101100
01110010
